2SFE18L FFF FFF,1
2SFE18L FFF FFF,1
2SFE18L FFF FFF,1
2SFE18L FFF FFF,1
2SFE18L FFF FFF,1
2SFE18L FFF FFF,1
2SFE18L FFF FFF,1
2SFE18L FFF FFF,1
2SFE18L FFF FFF,1
2SFE18L FFF FFF,1
2SFE18L FFF FFF,1
2SFE18L FFF FFF,0
2SFE18L FFF FFF,0
2SFE18L FFF FFF,0
2SFE18L FFF FFF,0
2SFE18L FFF FFF,0
2SFE18L FFF FFF,0
2SFE18L FFF FFF,0
2SFE18L FFF FFF,0
2SFE18L FFF FFF,0
2SFE18L FFF FFF,0
2SFE18L FFF FFF,0
2SFE18L FFF FFF,0
,0
,0
,0
,0
,0
,0
,0
,0
,0
,0
,0
,0
,0
,0
,0
,0
,0
,0
,0
,0
,0
,0
,0
,0
,0
,0
,0
,0
,0
,0
,0
,0
,0
,0
,0
,0
,0
,0
,0
,0
,0
,0
,0
,0
,0
,0
,0
,0
2SFE18LFFFAAAA,0
2SFE18LFFFAAAA,0
2SFE18LFFFAAAA,0
2SFE18LFFFAAAA,0
2SFE18LFFFAAAA,0
2SFE18LFFFAAAA,0
2SFE18LFFFAAAA,0
2SFE18LFFFAAA,0
2SFE18LFFFAAA,0
2SFE18LFFFAAA,0
2SFE18LFFFAAA,0
2SFE18LFFFAAA,0
2SFE18LFFFAAA,0
2SFE18LFFFAAA,0
2SFE18L,0
PSFE26RFQFAAA,0
PSFE26RFBFAAA,0
PSFE2611111,0
PSFE26L111111,0
PSFE26L111111,0
PSFE26L111111,0
PSFE26L111111,0
PSFE26L111111,0
PSFE26L1111110,0
PSFE26L11J111,0
PSFE26L11J111,0
PSFE26L11J112,0
PSFE26L11J112,0
PSFE26L11J112,0
PSFE26L11J112,0
PSFE26L11J112,0
PSFE26L11J112,0
PSFE26L11J112,0
PSFE26L11J112,0
PSFE26L11J112,0
PSFE26L11J112,0
PSFE26L11J112,0
PSFE26L11J112,0
PSFE26L11J112,0
PSFE26L11J112,0
PSFE26L11J112,0
,0
,1
,1
,1
,0
,0
,4
,4
,4
6666666,4
1484304460,6666666,4
1484304500,6666666,4
1484306168,6666666,4
1484320329,6666666,4
1484320726,6666666,4
1484325352,6666666,4
1484568359,6666666,0
1484568888,6666666,0
1484570636,6666666,0
1484570773,6666666,0
1484570871,6666666,0
1484571316,6666666,0
1484571323,6666666,0
1484571327,6666666,0
1484571415,6666666,0
1484571423,6666666,0
1484571512,6666666,0
1484571524,6666666,0
1484572028,6666666,0
1484579286,6666666,0
1484654817,6666666,127
1484654986,6666666,127
1484655475,6666666,127
1484655910,6666666,127
1484656027,6666666,127
1484659847,6666666,127
1484659885,6666666,1
1484659983,6666666,0
1484660755,6666666,4
1484662543,6666666,4
1484662905,6666666,4
1484663088,6666666,4
1484664465,6666666,4
1484664505,6666666,4
1484664564,6666666,4
1484664605,6666666,4
1484730062,6666666,0
1484730067,6666666,0
1484730069,6666666,0
1484730100,6666666,0
1484730103,6666666,0
1484730104,6666666,0
1484730106,6666666,0
1484730107,6666666,0
1484730109,6666666,0
1484730110,6666666,0
1484730112,6666666,0
1484730126,6666666,0
1484730213,6666666,0
1484744751,6666666,0
1484745282,6666666,0
1484745410,6666666,4
1484757803,6666666,4
1484757982,6666666,4
